"lon","lat","species.name"
-82.361798,27.815175,"Eurytides   marcellus"
-82.619471,29.026099,"Eurytides   marcellus"
-82.1922,29.5685,"Eurytides   marcellus"
-81.612853,27.737421,"Eurytides   marcellus"
-80.544303,27.837458,"Eurytides   marcellus"
-94.274615,31.061619,"Eurytides   marcellus"
-80.824442,33.82855,"Eurytides   marcellus"
-82.672999,29.009853,"Eurytides   marcellus"
-94.201603,31.099936,"Eurytides   marcellus"
-94.347314,30.472179,"Eurytides   marcellus"
-94.010822,30.823252,"Eurytides   marcellus"
-82.132193,28.854117,"Eurytides   marcellus"
-82.622679,29.223311,"Eurytides   marcellus"
-86.091791,34.985752,"Eurytides   marcellus"
-76.651069,38.072352,"Eurytides   marcellus"
-94.409752,30.54817,"Eurytides   marcellus"
-82.189536,29.707981,"Eurytides   marcellus"
-81.041854,33.942708,"Eurytides   marcellus"
-93.077657,35.766949,"Eurytides   marcellus"
-83.695109,35.947718,"Eurytides   marcellus"
-81.960115,29.838395,"Eurytides   marcellus"
-86.58982,34.807522,"Eurytides   marcellus"
-94.318333,31.0625,"Eurytides   marcellus"
-82.324677,28.615117,"Eurytides   marcellus"
-87.793647,33.334841,"Eurytides   marcellus"
-82.353204,29.781291,"Eurytides   marcellus"
-81.794985,29.31166,"Eurytides   marcellus"
-93.186664,33.345599,"Eurytides   marcellus"
-76.645732,38.052993,"Eurytides   marcellus"
-78.26931,37.863242,"Eurytides   marcellus"
-94.272153,31.076428,"Eurytides   marcellus"
-82.559979,29.830042,"Eurytides   marcellus"
-77.514285,37.54937,"Eurytides   marcellus"
-84.61885,32.553989,"Eurytides   marcellus"
-89.639176,34.56888,"Eurytides   marcellus"
-83.20458,38.754274,"Eurytides   marcellus"
-82.407885,29.611865,"Eurytides   marcellus"
-80.769327,33.791374,"Eurytides   marcellus"
-76.360275,36.685355,"Eurytides   marcellus"
-76.166192,39.648078,"Eurytides   marcellus"
-81.640778,38.267593,"Eurytides   marcellus"
-77.183684,38.553111,"Eurytides   marcellus"
-81.976759,39.418532,"Eurytides   marcellus"
-82.862706,35.925657,"Eurytides   marcellus"
-90.067301,35.306294,"Eurytides   marcellus"
-81.784557,28.855212,"Eurytides   marcellus"
-77.234771,38.64466,"Eurytides   marcellus"
-84.619124,32.553703,"Eurytides   marcellus"
-77.228136,38.637937,"Eurytides   marcellus"
-82.451956,29.509485,"Eurytides   marcellus"
-76.647856,38.072183,"Eurytides   marcellus"
-77.517664,37.549468,"Eurytides   marcellus"
-77.360345,37.375888,"Eurytides   marcellus"
-90.126865,34.762262,"Eurytides   marcellus"
-82.285888,29.723198,"Eurytides   marcellus"
-77.248371,38.996486,"Eurytides   marcellus"
-94.151775,31.067567,"Eurytides   marcellus"
-77.263622,38.468329,"Eurytides   marcellus"
-92.176535,35.972477,"Eurytides   marcellus"
-84.643961,34.98056,"Eurytides   marcellus"
-77.800659,38.780335,"Eurytides   marcellus"
-83.507511,38.716255,"Eurytides   marcellus"
-86.7004,36.197067,"Eurytides   marcellus"
-78.467056,38.900864,"Eurytides   marcellus"
-77.208,38.629034,"Eurytides   marcellus"
-79.100334,35.732105,"Eurytides   marcellus"
-78.39194,37.302097,"Eurytides   marcellus"
-89.4409,37.562822,"Eurytides   marcellus"
-76.716672,39.047953,"Eurytides   marcellus"
-78.279192,37.176269,"Eurytides   marcellus"
-92.531753,35.649605,"Eurytides   marcellus"
-82.488159,29.682501,"Eurytides   marcellus"
-86.168148,39.354923,"Eurytides   marcellus"
-77.929515,37.677113,"Eurytides   marcellus"
-78.556916,37.759634,"Eurytides   marcellus"
-81.210873,28.356152,"Eurytides   marcellus"
-82.562001,29.828541,"Eurytides   marcellus"
-81.111103,28.4826,"Eurytides   marcellus"
-82.633614,36.479168,"Eurytides   marcellus"
-87.678405,33.300718,"Eurytides   marcellus"
-82.133961,28.863918,"Eurytides   marcellus"
-84.882288,31.758916,"Eurytides   marcellus"
-83.969614,30.511475,"Eurytides   marcellus"
-81.745995,39.127792,"Eurytides   marcellus"
-82.518654,29.666075,"Eurytides   marcellus"
-78.989398,35.83525,"Eurytides   marcellus"
-91.71309,37.094512,"Eurytides   marcellus"
-83.562425,37.769468,"Eurytides   marcellus"
-85.250194,34.898158,"Eurytides   marcellus"
-86.01519,32.680664,"Eurytides   marcellus"
-87.094704,33.295736,"Eurytides   marcellus"
-77.447399,37.528716,"Eurytides   marcellus"
-79.265619,38.87627,"Eurytides   marcellus"
-78.941217,36.002295,"Eurytides   marcellus"
-88.190403,34.616573,"Eurytides   marcellus"
-82.07811,39.418837,"Eurytides   marcellus"
-87.379233,37.275549,"Eurytides   marcellus"
-79.931958,39.778052,"Eurytides   marcellus"
-77.299148,37.412105,"Eurytides   marcellus"
-88.942636,37.327561,"Eurytides   marcellus"
-77.209758,38.634067,"Eurytides   marcellus"
-84.449448,31.286112,"Eurytides   marcellus"
-84.480835,31.191668,"Eurytides   marcellus"
-85.627,34.395717,"Eurytides   marcellus"
-94.25675,30.377907,"Eurytides   marcellus"
-91.051758,37.174417,"Eurytides   marcellus"
-85.625772,34.39546,"Eurytides   marcellus"
-82.373639,28.073646,"Eurytides   marcellus"
-85.973136,32.684927,"Eurytides   marcellus"
-94.882866,39.393418,"Eurytides   marcellus"
-84.508617,39.144573,"Eurytides   marcellus"
-86.988945,35.294235,"Eurytides   marcellus"
-75.984879,39.484965,"Eurytides   marcellus"
-76.648614,38.056785,"Eurytides   marcellus"
-78.275763,37.042704,"Eurytides   marcellus"
-95.954856,38.315751,"Eurytides   marcellus"
-90.910895,33.703897,"Eurytides   marcellus"
-82.065361,29.593278,"Eurytides   marcellus"
-77.238955,38.639816,"Eurytides   marcellus"
-83.889,39.387852,"Eurytides   marcellus"
-91.687087,37.450562,"Eurytides   marcellus"
-88.511803,32.117858,"Eurytides   marcellus"
-76.534559,38.703769,"Eurytides   marcellus"
-84.397352,39.635365,"Eurytides   marcellus"
-76.543037,38.886637,"Eurytides   marcellus"
-86.017075,36.427863,"Eurytides   marcellus"
-82.051666,39.396111,"Eurytides   marcellus"
-82.605553,29.682212,"Eurytides   marcellus"
-82.131128,29.790019,"Eurytides   marcellus"
-76.758545,39.027293,"Eurytides   marcellus"
-91.3676,37.158444,"Eurytides   marcellus"
-84.089557,39.00019,"Eurytides   marcellus"
-77.677467,38.65202,"Eurytides   marcellus"
-86.232488,36.521989,"Eurytides   marcellus"
-95.536688,40.250592,"Eurytides   marcellus"
-94.173536,36.069736,"Eurytides   marcellus"
-94.494198,35.785534,"Eurytides   marcellus"
-84.2175,39.317222,"Eurytides   marcellus"
-76.865355,38.170234,"Eurytides   marcellus"
-81.472721,28.934352,"Eurytides   marcellus"
-76.818038,38.651925,"Eurytides   marcellus"
-78.130321,38.693198,"Eurytides   marcellus"
-84.26878,30.369012,"Eurytides   marcellus"
-83.685589,33.115283,"Eurytides   marcellus"
-83.889119,39.805058,"Eurytides   marcellus"
-76.64417,37.295485,"Eurytides   marcellus"
-82.074928,39.485375,"Eurytides   marcellus"
-90.54985,38.551441,"Eurytides   marcellus"
-86.361153,32.87175,"Eurytides   marcellus"
-80.517253,35.720783,"Eurytides   marcellus"
-95.231941,38.918707,"Eurytides   marcellus"
-76.588831,37.528743,"Eurytides   marcellus"
-76.797125,39.079114,"Eurytides   marcellus"
-89.288799,35.019608,"Eurytides   marcellus"
-76.772756,39.087188,"Eurytides   marcellus"
-77.800623,39.486231,"Eurytides   marcellus"
-77.510349,37.547648,"Eurytides   marcellus"
-80.808528,35.350947,"Eurytides   marcellus"
-76.853416,38.486097,"Eurytides   marcellus"
-79.028283,35.852706,"Eurytides   marcellus"
-78.361487,39.668283,"Eurytides   marcellus"
-77.207905,38.662867,"Eurytides   marcellus"
-91.342348,30.898468,"Eurytides   marcellus"
-84.248618,39.126462,"Eurytides   marcellus"
-76.869991,38.158836,"Eurytides   marcellus"
-81.638196,27.864832,"Eurytides   marcellus"
-82.42052,29.054131,"Eurytides   marcellus"
-76.772944,39.076023,"Eurytides   marcellus"
-76.797455,38.886938,"Eurytides   marcellus"
-76.691318,38.802833,"Eurytides   marcellus"
-81.199211,28.334771,"Eurytides   marcellus"
-79.034136,35.899072,"Eurytides   marcellus"
-83.025286,40.152199,"Eurytides   marcellus"
-81.951583,29.825083,"Eurytides   marcellus"
-82.905269,36.762325,"Eurytides   marcellus"
-77.728333,39.322777,"Eurytides   marcellus"
-80.823533,33.822122,"Eurytides   marcellus"
-82.850237,39.765325,"Eurytides   marcellus"
-76.865331,38.17023,"Eurytides   marcellus"
-84.467693,39.527557,"Eurytides   marcellus"
-92.84861,39.215,"Eurytides   marcellus"
-84.555511,39.192184,"Eurytides   marcellus"
-82.517075,40.074734,"Eurytides   marcellus"
-79.03373,35.899545,"Eurytides   marcellus"
-76.828669,39.189991,"Eurytides   marcellus"
-77.634296,39.317323,"Eurytides   marcellus"
-84.473107,39.258469,"Eurytides   marcellus"
-82.418618,28.755288,"Eurytides   marcellus"
-82.439941,28.801463,"Eurytides   marcellus"
-84.053532,39.500547,"Eurytides   marcellus"
-77.066601,38.896004,"Eurytides   marcellus"
-76.772156,39.07755,"Eurytides   marcellus"
-82.605332,28.632447,"Eurytides   marcellus"
-93.262115,39.258751,"Eurytides   marcellus"
-87.44671,32.88523,"Eurytides   marcellus"
-76.842519,38.81979,"Eurytides   marcellus"
-77.495728,38.286247,"Eurytides   marcellus"
-94.162894,30.369637,"Eurytides   marcellus"
-82.191472,39.320132,"Eurytides   marcellus"
-93.32561,35.515401,"Eurytides   marcellus"
-81.778124,28.043003,"Eurytides   marcellus"
-95.522967,40.248317,"Eurytides   marcellus"
-77.797785,38.781705,"Eurytides   marcellus"
-88.783545,33.271146,"Eurytides   marcellus"
-85.53085,30.725169,"Eurytides   marcellus"
-76.67028,38.625278,"Eurytides   marcellus"
-85.732056,42.405872,"Eurytides   marcellus"
-76.647196,38.072206,"Eurytides   marcellus"
-76.647507,38.072229,"Eurytides   marcellus"
-83.023391,40.140844,"Eurytides   marcellus"
-77.062233,38.902176,"Eurytides   marcellus"
-81.477521,28.914632,"Eurytides   marcellus"
-77.402305,39.078382,"Eurytides   marcellus"
-77.744775,39.327417,"Eurytides   marcellus"
-81.452232,28.801427,"Eurytides   marcellus"
-76.647644,38.072169,"Eurytides   marcellus"
-76.771714,39.077769,"Eurytides   marcellus"
-84.118447,39.624893,"Eurytides   marcellus"
-76.344383,39.845604,"Eurytides   marcellus"
-77.296623,38.61791,"Eurytides   marcellus"
-82.284967,29.085583,"Eurytides   marcellus"
-82.415495,39.982392,"Eurytides   marcellus"
-89.990596,35.143376,"Eurytides   marcellus"
-77.147497,38.904863,"Eurytides   marcellus"
-95.54396,40.249443,"Eurytides   marcellus"
-81.47214,28.910183,"Eurytides   marcellus"
-77.198831,38.643991,"Eurytides   marcellus"
-82.41273,28.832828,"Eurytides   marcellus"
-81.189153,28.603845,"Eurytides   marcellus"
-78.718871,35.862456,"Eurytides   marcellus"
-81.21085,28.342092,"Eurytides   marcellus"
-78.30915,38.738872,"Eurytides   marcellus"
-81.509682,27.836453,"Eurytides   marcellus"
-81.469167,29.015,"Eurytides   marcellus"
-83.159492,39.374976,"Eurytides   marcellus"
-76.706615,37.263538,"Eurytides   marcellus"
-93.14489,30.990863,"Eurytides   marcellus"
-77.975753,38.985362,"Eurytides   marcellus"
-82.28637,29.085975,"Eurytides   marcellus"
-77.630993,39.316037,"Eurytides   marcellus"
-82.46326,27.173302,"Eurytides   marcellus"
-76.230531,39.033099,"Eurytides   marcellus"
-77.998131,39.101196,"Eurytides   marcellus"
-77.369858,37.374257,"Eurytides   marcellus"
-82.372307,28.599985,"Eurytides   marcellus"
-81.196953,28.342819,"Eurytides   marcellus"
-76.62044,38.89716,"Eurytides   marcellus"
-76.62073,38.90274,"Eurytides   marcellus"
-82.172631,29.585986,"Eurytides   marcellus"
-77.97271,39.101921,"Eurytides   marcellus"
-78.017929,38.90749,"Eurytides   marcellus"
-77.726881,39.326543,"Eurytides   marcellus"
-77.198943,38.657902,"Eurytides   marcellus"
-76.647667,38.056319,"Eurytides   marcellus"
-84.44038,39.291458,"Eurytides   marcellus"
-76.455092,40.246311,"Eurytides   marcellus"
-81.598948,27.921549,"Eurytides   marcellus"
-77.198947,38.657942,"Eurytides   marcellus"
-81.844317,28.27799,"Eurytides   marcellus"
-77.631835,39.315738,"Eurytides   marcellus"
-82.635086,28.218407,"Eurytides   marcellus"
-85.686866,38.21963,"Eurytides   marcellus"
-77.20123,38.675709,"Eurytides   marcellus"
-89.441288,36.54006,"Eurytides   marcellus"
-84.467497,31.198392,"Eurytides   marcellus"
-82.360537,28.118112,"Eurytides   marcellus"
-76.691599,38.802941,"Eurytides   marcellus"
-77.739347,39.321348,"Eurytides   marcellus"
-82.4638,27.191685,"Eurytides   marcellus"
-77.8441,39.524147,"Eurytides   marcellus"
-82.352919,28.630571,"Eurytides   marcellus"
-82.568787,29.13153,"Eurytides   marcellus"
-76.196822,36.906447,"Eurytides   marcellus"
-89.432408,36.542237,"Eurytides   marcellus"
-77.244392,39.008133,"Eurytides   marcellus"
-81.195665,28.344617,"Eurytides   marcellus"
-85.884847,39.033532,"Eurytides   marcellus"
-81.467108,28.021078,"Eurytides   marcellus"
-82.403523,41.026756,"Eurytides   marcellus"
-84.131371,39.705368,"Eurytides   marcellus"
-82.185588,29.052638,"Eurytides   marcellus"
-82.403485,41.026642,"Eurytides   marcellus"
-84.096203,30.440334,"Eurytides   marcellus"
-81.018568,28.093628,"Eurytides   marcellus"
-82.403531,41.026747,"Eurytides   marcellus"
-82.173154,29.585471,"Eurytides   marcellus"
-82.063956,28.295056,"Eurytides   marcellus"
-84.056427,39.591305,"Eurytides   marcellus"
-82.374568,28.07352,"Eurytides   marcellus"
-81.510223,29.166436,"Eurytides   marcellus"
-91.453135,31.42599,"Eurytides   marcellus"
-81.541696,28.4425,"Eurytides   marcellus"
-81.953008,29.660925,"Eurytides   marcellus"
-84.05336,39.708214,"Eurytides   marcellus"
-80.934059,28.051859,"Eurytides   marcellus"
-82.2033,29.566036,"Eurytides   marcellus"
-81.207207,28.340789,"Eurytides   marcellus"
-90.91116,33.703809,"Eurytides   marcellus"
-82.022751,34.147742,"Eurytides   marcellus"
-94.024215,30.828402,"Eurytides   marcellus"
-81.990538,39.331642,"Eurytides   marcellus"
-79.126163,35.90716,"Eurytides   marcellus"
-80.819594,33.819275,"Eurytides   marcellus"
-93.184844,33.347886,"Eurytides   marcellus"
-91.174583,31.759258,"Eurytides   marcellus"
-94.171678,30.249262,"Eurytides   marcellus"
-82.023789,34.14664,"Eurytides   marcellus"
-86.21212,34.371413,"Eurytides   marcellus"
-94.161683,30.844911,"Eurytides   marcellus"
-87.374439,34.262892,"Eurytides   marcellus"
-81.771158,29.282862,"Eurytides   marcellus"
-82.650297,27.726777,"Eurytides   marcellus"
-92.287978,30.80382,"Eurytides   marcellus"
-87.447862,33.21267,"Eurytides   marcellus"
-81.04079,33.92974,"Eurytides   marcellus"
-77.738747,39.38342,"Eurytides   marcellus"
-77.250203,38.591038,"Eurytides   marcellus"
-77.748613,38.450295,"Eurytides   marcellus"
-82.050636,39.366082,"Eurytides   marcellus"
-90.36137,39.080193,"Eurytides   marcellus"
-82.238824,29.668639,"Eurytides   marcellus"
-85.814152,35.960619,"Eurytides   marcellus"
-89.43944,37.591963,"Eurytides   marcellus"
-88.571627,37.501129,"Eurytides   marcellus"
-78.999372,35.978869,"Eurytides   marcellus"
-94.032822,33.192356,"Eurytides   marcellus"
-77.258107,38.591451,"Eurytides   marcellus"
-91.520845,31.066028,"Eurytides   marcellus"
-80.816112,33.830726,"Eurytides   marcellus"
-76.988867,37.543057,"Eurytides   marcellus"
-77.463634,38.842382,"Eurytides   marcellus"
-89.985913,35.148523,"Eurytides   marcellus"
-89.986664,35.143207,"Eurytides   marcellus"
-78.380778,38.922391,"Eurytides   marcellus"
-77.558413,39.30631,"Eurytides   marcellus"
-81.038522,38.594377,"Eurytides   marcellus"
-76.832305,39.141512,"Eurytides   marcellus"
-77.740468,39.333673,"Eurytides   marcellus"
-76.369628,36.505806,"Eurytides   marcellus"
-90.967484,37.606446,"Eurytides   marcellus"
-89.440577,37.583647,"Eurytides   marcellus"
-82.223074,36.560032,"Eurytides   marcellus"
-82.101255,39.32924,"Eurytides   marcellus"
-90.906863,37.671469,"Eurytides   marcellus"
-76.724524,37.399159,"Eurytides   marcellus"
-82.079477,39.372556,"Eurytides   marcellus"
-77.233436,38.636689,"Eurytides   marcellus"
-78.316195,37.309772,"Eurytides   marcellus"
-94.144957,31.079861,"Eurytides   marcellus"
-76.836048,38.162821,"Eurytides   marcellus"
-77.511485,37.54519,"Eurytides   marcellus"
-83.072547,36.289617,"Eurytides   marcellus"
-77.510927,37.5457,"Eurytides   marcellus"
-76.798875,38.885288,"Eurytides   marcellus"
-94.133863,31.075652,"Eurytides   marcellus"
-80.643364,33.7575,"Eurytides   marcellus"
-75.977985,36.852926,"Eurytides   marcellus"
-84.907925,34.53884,"Eurytides   marcellus"
-94.133862,31.075686,"Eurytides   marcellus"
-86.286415,38.192627,"Eurytides   marcellus"
-84.163052,30.088022,"Eurytides   marcellus"
-82.283945,39.479122,"Eurytides   marcellus"
-77.45108,37.530303,"Eurytides   marcellus"
-82.605567,29.682347,"Eurytides   marcellus"
-79.857247,36.143183,"Eurytides   marcellus"
-81.642569,34.440389,"Eurytides   marcellus"
-94.023971,30.811894,"Eurytides   marcellus"
-90.54442,38.973295,"Eurytides   marcellus"
-76.797372,38.883653,"Eurytides   marcellus"
-86.07915,37.197069,"Eurytides   marcellus"
-76.548185,36.715907,"Eurytides   marcellus"
-84.979867,30.16086,"Eurytides   marcellus"
-79.96577,36.76609,"Eurytides   marcellus"
-78.39149,36.778824,"Eurytides   marcellus"
-76.725097,39.041092,"Eurytides   marcellus"
-77.75802,39.316503,"Eurytides   marcellus"
-82.097358,39.35373,"Eurytides   marcellus"
-94.059125,33.763482,"Eurytides   marcellus"
-76.239583,39.031992,"Eurytides   marcellus"
-77.889045,37.66784,"Eurytides   marcellus"
-76.70091,38.77552,"Eurytides   marcellus"
-77.333334,37.795408,"Eurytides   marcellus"
-86.767219,33.184574,"Eurytides   marcellus"
-80.610558,35.307499,"Eurytides   marcellus"
-87.269814,36.119619,"Eurytides   marcellus"
-77.736778,39.324069,"Eurytides   marcellus"
-76.224163,39.02427,"Eurytides   marcellus"
-78.413029,38.760655,"Eurytides   marcellus"
-76.477032,37.160043,"Eurytides   marcellus"
-81.180358,35.817422,"Eurytides   marcellus"
-77.510562,37.544641,"Eurytides   marcellus"
-76.794697,38.884403,"Eurytides   marcellus"
-78.40794,37.74066,"Eurytides   marcellus"
-76.802916,38.884084,"Eurytides   marcellus"
-94.871368,39.8335,"Eurytides   marcellus"
-77.669692,37.469383,"Eurytides   marcellus"
-77.199786,38.643316,"Eurytides   marcellus"
-76.771731,39.07773,"Eurytides   marcellus"
-77.730837,39.321475,"Eurytides   marcellus"
-86.700592,36.183375,"Eurytides   marcellus"
-88.04203,36.895522,"Eurytides   marcellus"
-77.388795,38.724708,"Eurytides   marcellus"
-76.69503,38.946822,"Eurytides   marcellus"
-76.711349,38.773634,"Eurytides   marcellus"
-77.347619,38.537092,"Eurytides   marcellus"
-76.475678,37.159931,"Eurytides   marcellus"
-76.648715,38.056503,"Eurytides   marcellus"
-87.064571,33.083745,"Eurytides   marcellus"
-78.299575,36.602528,"Eurytides   marcellus"
-78.407183,37.741123,"Eurytides   marcellus"
-80.81882,33.821282,"Eurytides   marcellus"
-78.399736,38.007305,"Eurytides   marcellus"
-89.646496,37.891438,"Eurytides   marcellus"
-77.23098,38.982453,"Eurytides   marcellus"
-95.85095,40.387447,"Eurytides   marcellus"
-77.066642,39.003064,"Eurytides   marcellus"
-76.756688,39.03932,"Eurytides   marcellus"
-77.203792,38.639528,"Eurytides   marcellus"
-76.797225,38.887154,"Eurytides   marcellus"
-76.714072,37.41503,"Eurytides   marcellus"
-76.697943,38.943195,"Eurytides   marcellus"
-75.737883,39.629181,"Eurytides   marcellus"
-77.188439,38.668887,"Eurytides   marcellus"
-77.540446,38.625744,"Eurytides   marcellus"
-76.77173,39.077905,"Eurytides   marcellus"
-76.743808,39.072049,"Eurytides   marcellus"
-76.647733,38.07214,"Eurytides   marcellus"
-77.619782,39.346131,"Eurytides   marcellus"
-92.61727,38.991598,"Eurytides   marcellus"
-77.403788,39.080569,"Eurytides   marcellus"
-76.504745,38.488897,"Eurytides   marcellus"
-93.824937,30.626557,"Eurytides   marcellus"
-80.617753,35.362044,"Eurytides   marcellus"
-76.725355,39.04045,"Eurytides   marcellus"
-77.059478,38.900995,"Eurytides   marcellus"
-76.691845,38.802536,"Eurytides   marcellus"
-76.799144,37.31947,"Eurytides   marcellus"
-81.188965,28.603803,"Eurytides   marcellus"
-79.873764,36.133717,"Eurytides   marcellus"
-85.22289,36.623628,"Eurytides   marcellus"
-81.736176,28.353862,"Eurytides   marcellus"
-77.434528,39.473031,"Eurytides   marcellus"
-76.186752,36.88422,"Eurytides   marcellus"
-94.15206,31.069918,"Eurytides   marcellus"
-90.545368,38.973244,"Eurytides   marcellus"
-90.823542,38.48672,"Eurytides   marcellus"
-82.259614,27.313631,"Eurytides   marcellus"
-82.562642,28.633877,"Eurytides   marcellus"
-77.188418,38.668469,"Eurytides   marcellus"
-76.178146,36.786799,"Eurytides   marcellus"
-82.455187,29.768197,"Eurytides   marcellus"
-76.941822,38.912596,"Eurytides   marcellus"
-81.785819,28.855327,"Eurytides   marcellus"
-76.79011,37.251528,"Eurytides   marcellus"
-81.542,28.1326,"Eurytides   marcellus"
-82.458275,29.509712,"Eurytides   marcellus"
-80.955593,28.057766,"Eurytides   marcellus"
-82.175081,29.589308,"Eurytides   marcellus"
-94.153433,31.06955,"Eurytides   marcellus"
-82.608846,29.571442,"Eurytides   marcellus"
-82.188422,29.588906,"Eurytides   marcellus"
-84.499048,30.088798,"Eurytides   marcellus"
-82.187697,29.589114,"Eurytides   marcellus"
-84.433433,32.026889,"Eurytides   marcellus"
-82.451511,27.185061,"Eurytides   marcellus"
-83.93772,35.992725,"Eurytides   marcellus"
-94.020578,30.813251,"Eurytides   marcellus"
-76.544754,37.458006,"Eurytides   marcellus"
-76.531019,36.640299,"Eurytides   marcellus"
-80.945093,35.404428,"Eurytides   marcellus"
-77.512043,37.547397,"Eurytides   marcellus"
-94.021425,30.813495,"Eurytides   marcellus"
-81.200393,28.33752,"Eurytides   marcellus"
-80.151283,26.992295,"Eurytides   marcellus"
-93.689078,30.773999,"Eurytides   marcellus"
-78.143944,37.329913,"Eurytides   marcellus"
-77.92591,37.6782,"Eurytides   marcellus"
-77.482399,37.527341,"Eurytides   marcellus"
-76.408539,38.402487,"Eurytides   marcellus"
-89.39657,37.686275,"Eurytides   marcellus"
-77.25646,38.995256,"Eurytides   marcellus"
-77.244942,39.020398,"Eurytides   marcellus"
-77.255431,39.017635,"Eurytides   marcellus"
-81.522515,39.3246,"Eurytides   marcellus"
-89.24575,37.718197,"Eurytides   marcellus"
-77.511522,37.5453,"Eurytides   marcellus"
-81.822436,26.889562,"Eurytides   marcellus"
-77.511367,37.547367,"Eurytides   marcellus"
-76.529397,36.716499,"Eurytides   marcellus"
-79.190833,37.470255,"Eurytides   marcellus"
-78.967752,35.972307,"Eurytides   marcellus"
-77.492548,38.803395,"Eurytides   marcellus"
-77.10785,38.916108,"Eurytides   marcellus"
-94.174944,32.691178,"Eurytides   marcellus"
-89.440598,37.55458,"Eurytides   marcellus"
-77.518995,37.549307,"Eurytides   marcellus"
-77.065375,38.694488,"Eurytides   marcellus"
-82.34957,27.90659,"Eurytides   marcellus"
-78.98072,35.921556,"Eurytides   marcellus"
-76.416264,38.400162,"Eurytides   marcellus"
-77.245068,39.008125,"Eurytides   marcellus"
-89.401787,37.680763,"Eurytides   marcellus"
-80.822913,33.830338,"Eurytides   marcellus"
-76.75302,39.082772,"Eurytides   marcellus"
-77.246734,39.004015,"Eurytides   marcellus"
-77.506088,38.824035,"Eurytides   marcellus"
-85.583488,33.771636,"Eurytides   marcellus"
-82.023607,34.146077,"Eurytides   marcellus"
-77.063008,38.896682,"Eurytides   marcellus"
-94.238234,30.35112,"Eurytides   marcellus"
-83.391252,32.873756,"Eurytides   marcellus"
-79.537971,37.605738,"Eurytides   marcellus"
-76.733677,39.08395,"Eurytides   marcellus"
-81.419464,39.390041,"Eurytides   marcellus"
-83.375358,33.776642,"Eurytides   marcellus"
-76.764597,39.080662,"Eurytides   marcellus"
-77.014218,40.305015,"Eurytides   marcellus"
-94.241302,30.356416,"Eurytides   marcellus"
-76.701588,38.784828,"Eurytides   marcellus"
-84.43346,32.027059,"Eurytides   marcellus"
-76.772013,39.077615,"Eurytides   marcellus"
-86.141378,39.129217,"Eurytides   marcellus"
-81.410236,28.823244,"Eurytides   marcellus"
-76.241512,39.032186,"Eurytides   marcellus"
-79.003808,35.91459,"Eurytides   marcellus"
-76.141992,39.607922,"Eurytides   marcellus"
-78.14418,39.378463,"Eurytides   marcellus"
-77.510798,37.544952,"Eurytides   marcellus"
-76.708267,38.727713,"Eurytides   marcellus"
-88.951607,37.359115,"Eurytides   marcellus"
-88.999008,35.956783,"Eurytides   marcellus"
-81.362675,39.422635,"Eurytides   marcellus"
-82.36584,27.184385,"Eurytides   marcellus"
-81.455954,28.316965,"Eurytides   marcellus"
-76.234377,39.045342,"Eurytides   marcellus"
-77.007705,40.305588,"Eurytides   marcellus"
-78.512517,37.758383,"Eurytides   marcellus"
-81.36274,39.425535,"Eurytides   marcellus"
-76.177883,36.786897,"Eurytides   marcellus"
-84.661637,39.291897,"Eurytides   marcellus"
-94.018099,30.813108,"Eurytides   marcellus"
-80.910509,35.385131,"Eurytides   marcellus"
-76.646091,38.075596,"Eurytides   marcellus"
-77.203599,38.639057,"Eurytides   marcellus"
-77.407469,39.686095,"Eurytides   marcellus"
-79.401573,37.624761,"Eurytides   marcellus"
-80.491719,35.462592,"Eurytides   marcellus"
-86.804206,36.059235,"Eurytides   marcellus"
-89.470964,37.784973,"Eurytides   marcellus"
-95.728978,39.059296,"Eurytides   marcellus"
-76.087404,36.800676,"Eurytides   marcellus"
-77.468628,39.438091,"Eurytides   marcellus"
-85.645713,34.338027,"Eurytides   marcellus"
-78.293157,34.402715,"Eurytides   marcellus"
-77.966284,38.990743,"Eurytides   marcellus"
-77.961359,38.990482,"Eurytides   marcellus"
-76.894117,35.464968,"Eurytides   marcellus"
-79.661003,36.067698,"Eurytides   marcellus"
-78.018671,39.022313,"Eurytides   marcellus"
-84.54419,39.196926,"Eurytides   marcellus"
-77.518265,37.549579,"Eurytides   marcellus"
-77.511313,37.545054,"Eurytides   marcellus"
-94.153441,30.249331,"Eurytides   marcellus"
-77.627626,39.230339,"Eurytides   marcellus"
-76.795796,39.178797,"Eurytides   marcellus"
-81.397362,28.091972,"Eurytides   marcellus"
-94.15861,31.058968,"Eurytides   marcellus"
-82.51064,28.803272,"Eurytides   marcellus"
-94.021613,30.813587,"Eurytides   marcellus"
-94.27769,31.059377,"Eurytides   marcellus"
-94.01693,30.813707,"Eurytides   marcellus"
-94.276607,31.059933,"Eurytides   marcellus"
-94.155912,31.057563,"Eurytides   marcellus"
-81.567552,28.230801,"Eurytides   marcellus"
-91.520654,30.930362,"Eurytides   marcellus"
-76.495056,36.648589,"Eurytides   marcellus"
-76.523117,36.594045,"Eurytides   marcellus"
-84.447569,30.514119,"Eurytides   marcellus"
-81.538296,28.447336,"Eurytides   marcellus"
-93.074,31.482,"Eurytides   marcellus"
-76.4307,38.397619,"Eurytides   marcellus"
-78.664574,37.700912,"Eurytides   marcellus"
-80.147668,26.992767,"Eurytides   marcellus"
-83.83609,36.28414,"Eurytides   marcellus"
-77.471804,37.525009,"Eurytides   marcellus"
-83.208046,38.679721,"Eurytides   marcellus"
-93.075,31.48,"Eurytides   marcellus"
-90.033023,35.344115,"Eurytides   marcellus"
-77.257757,37.366498,"Eurytides   marcellus"
-90.22494,37.831276,"Eurytides   marcellus"
-92.44653,38.94626,"Eurytides   marcellus"
-83.599615,38.849777,"Eurytides   marcellus"
-87.37434,41.47224,"Eurytides   marcellus"
-77.496013,39.506755,"Eurytides   marcellus"
-76.696495,38.942718,"Eurytides   marcellus"
-83.474174,38.841682,"Eurytides   marcellus"
-82.524796,28.843628,"Eurytides   marcellus"
-83.406881,38.759434,"Eurytides   marcellus"
-76.847275,38.82588,"Eurytides   marcellus"
-77.510605,37.545904,"Eurytides   marcellus"
-93.720566,35.218548,"Eurytides   marcellus"
-77.513866,37.543199,"Eurytides   marcellus"
-80.0173,37.45754,"Eurytides   marcellus"
-77.538714,38.625923,"Eurytides   marcellus"
-76.583934,37.274189,"Eurytides   marcellus"
-77.469374,37.5294,"Eurytides   marcellus"
-91.174228,37.18348,"Eurytides   marcellus"
-79.032624,35.899813,"Eurytides   marcellus"
-77.814674,39.603622,"Eurytides   marcellus"
-75.831635,38.871532,"Eurytides   marcellus"
-77.314232,39.058494,"Eurytides   marcellus"
-77.510026,37.547725,"Eurytides   marcellus"
-83.192406,38.650558,"Eurytides   marcellus"
-80.637749,35.441888,"Eurytides   marcellus"
-89.16121,42.337395,"Eurytides   marcellus"
-79.544899,37.628234,"Eurytides   marcellus"
-77.731963,39.32412,"Eurytides   marcellus"
-94.019998,30.813099,"Eurytides   marcellus"
-76.759672,39.067738,"Eurytides   marcellus"
-77.79527,38.71345,"Eurytides   marcellus"
-78.019152,39.021451,"Eurytides   marcellus"
-80.637586,35.441967,"Eurytides   marcellus"
-76.791254,40.183399,"Eurytides   marcellus"
-76.646805,40.44146,"Eurytides   marcellus"
-87.138795,36.627866,"Eurytides   marcellus"
-76.692092,38.802353,"Eurytides   marcellus"
-77.098453,38.75754,"Eurytides   marcellus"
-85.195629,30.58791,"Eurytides   marcellus"
-76.894555,35.465829,"Eurytides   marcellus"
-88.45225,42.3243,"Eurytides   marcellus"
-76.568366,38.423174,"Eurytides   marcellus"
-76.796225,39.178897,"Eurytides   marcellus"
-94.37067,34.685195,"Eurytides   marcellus"
-89.986149,35.14547,"Eurytides   marcellus"
-94.70349,34.899643,"Eurytides   marcellus"
-76.170104,39.652285,"Eurytides   marcellus"
-76.699571,38.941451,"Eurytides   marcellus"
-94.150085,31.275863,"Eurytides   marcellus"
-76.396937,36.511965,"Eurytides   marcellus"
-83.205152,38.662903,"Eurytides   marcellus"
-91.627755,35.77905,"Eurytides   marcellus"
-76.696911,38.941517,"Eurytides   marcellus"
-76.29979,39.53743,"Eurytides   marcellus"
-93.325619,35.511457,"Eurytides   marcellus"
-83.493605,38.09874,"Eurytides   marcellus"
-76.791356,39.052849,"Eurytides   marcellus"
-83.037173,38.735132,"Eurytides   marcellus"
-94.651375,35.897614,"Eurytides   marcellus"
-76.723792,39.055252,"Eurytides   marcellus"
-78.023522,38.954106,"Eurytides   marcellus"
-77.203064,39.137383,"Eurytides   marcellus"
-76.15822,39.610694,"Eurytides   marcellus"
-93.423872,35.905709,"Eurytides   marcellus"
-80.804121,35.490319,"Eurytides   marcellus"
-76.726871,39.229699,"Eurytides   marcellus"
-77.228242,38.981522,"Eurytides   marcellus"
-80.44867,26.645763,"Eurytides   marcellus"
-84.095333,39.6185,"Eurytides   marcellus"
-76.338982,39.863802,"Eurytides   marcellus"
-77.807088,39.484264,"Eurytides   marcellus"
-93.6182,35.1749,"Eurytides   marcellus"
-77.149998,38.965359,"Eurytides   marcellus"
-83.35134,39.226083,"Eurytides   marcellus"
-77.156123,38.455942,"Eurytides   marcellus"
-76.799777,39.181441,"Eurytides   marcellus"
-78.452012,38.009402,"Eurytides   marcellus"
-80.180878,37.314614,"Eurytides   marcellus"
-76.697016,38.942481,"Eurytides   marcellus"
-89.987254,35.148846,"Eurytides   marcellus"
-77.68387,39.328102,"Eurytides   marcellus"
-79.867966,39.628901,"Eurytides   marcellus"
-78.941294,35.923532,"Eurytides   marcellus"
-82.140055,30.738368,"Eurytides   marcellus"
-94.279432,31.061757,"Eurytides   marcellus"
-76.590287,38.493201,"Eurytides   marcellus"
-93.255703,35.676509,"Eurytides   marcellus"
-77.248676,38.589712,"Eurytides   marcellus"
-90.043945,35.334144,"Eurytides   marcellus"
-81.4538,39.461783,"Eurytides   marcellus"
-84.46818,33.790035,"Eurytides   marcellus"
-77.224241,38.645279,"Eurytides   marcellus"
-84.541115,35.109436,"Eurytides   marcellus"
-75.938039,38.955413,"Eurytides   marcellus"
-77.999517,39.041702,"Eurytides   marcellus"
-77.379722,38.585278,"Eurytides   marcellus"
-76.145868,39.602346,"Eurytides   marcellus"
-77.232101,38.647323,"Eurytides   marcellus"
-76.692059,38.800828,"Eurytides   marcellus"
-77.181945,38.965462,"Eurytides   marcellus"
-76.008278,39.456164,"Eurytides   marcellus"
-92.6175,35.431667,"Eurytides   marcellus"
-82.73952,27.903122,"Eurytides   marcellus"
-85.13735,34.89939,"Eurytides   marcellus"
-76.774345,39.072643,"Eurytides   marcellus"
-81.2967,28.3506,"Eurytides   marcellus"
-77.27356,38.60958,"Eurytides   marcellus"
-82.46464,28.30765,"Eurytides   marcellus"
-77.951704,38.990232,"Eurytides   marcellus"
-76.796448,38.888092,"Eurytides   marcellus"
-92.44652,38.94637,"Eurytides   marcellus"
-76.771088,39.077908,"Eurytides   marcellus"
-76.774864,39.070778,"Eurytides   marcellus"
-76.008461,39.450121,"Eurytides   marcellus"
-94.218414,35.97121,"Eurytides   marcellus"
-80.787278,35.455743,"Eurytides   marcellus"
-77.799618,39.48727,"Eurytides   marcellus"
-84.226833,39.654167,"Eurytides   marcellus"
-76.526096,40.407934,"Eurytides   marcellus"
-78.963833,35.975833,"Eurytides   marcellus"
-76.426735,39.931854,"Eurytides   marcellus"
-81.513901,27.437507,"Eurytides   marcellus"
-86.214352,34.36068,"Eurytides   marcellus"
-84.498273,30.459482,"Eurytides   marcellus"
-82.571011,35.125455,"Eurytides   marcellus"
-86.23941,39.192585,"Eurytides   marcellus"
-82.174722,27.850278,"Eurytides   marcellus"
-93.077611,31.479458,"Eurytides   marcellus"
-94.237267,30.350125,"Eurytides   marcellus"
-84.34207,36.839174,"Eurytides   marcellus"
-93.461757,36.530486,"Eurytides   marcellus"
-84.645807,34.975685,"Eurytides   marcellus"
-93.235738,36.86453,"Eurytides   marcellus"
-78.002666,38.965052,"Eurytides   marcellus"
-84.86666,36.53078,"Eurytides   marcellus"
-88.782252,37.912356,"Eurytides   marcellus"
-94.27499,35.19698,"Eurytides   marcellus"
-76.90688,35.470299,"Eurytides   marcellus"
-92.332023,32.93337,"Eurytides   marcellus"
-82.146549,27.866447,"Eurytides   marcellus"
-77.270928,38.616904,"Eurytides   marcellus"
-82.51844,41.962772,"Eurytides   marcellus"
-93.466095,42.037537,"Eurytides   marcellus"
-76.007533,39.453838,"Eurytides   marcellus"
-76.421217,39.923684,"Eurytides   marcellus"
-76.176613,39.671025,"Eurytides   marcellus"
-78.479264,38.004274,"Eurytides   marcellus"
-82.553936,40.000299,"Eurytides   marcellus"
-84.555297,39.192242,"Eurytides   marcellus"
-76.54192,37.823616,"Eurytides   marcellus"
-86.198771,34.356596,"Eurytides   marcellus"
-95.179762,32.591473,"Eurytides   marcellus"
-93.967717,31.77293,"Eurytides   marcellus"
-92.69935,35.90966,"Eurytides   marcellus"
-82.281041,29.667881,"Eurytides   marcellus"
-94.379175,30.582153,"Eurytides   marcellus"
-83.229186,38.72919,"Eurytides   marcellus"
-93.581269,34.633261,"Eurytides   marcellus"
-85.711769,38.42408,"Eurytides   marcellus"
-76.481313,39.95602,"Eurytides   marcellus"
-76.2502,40.041992,"Eurytides   marcellus"
-76.126874,38.854764,"Eurytides   marcellus"
-77.38658,37.403077,"Eurytides   marcellus"
-82.018915,28.369362,"Eurytides   marcellus"
-94.279,31.0723,"Eurytides   marcellus"
-94.159098,31.076608,"Eurytides   marcellus"
-76.502446,36.637839,"Eurytides   marcellus"
-81.99105,34.93324,"Eurytides   marcellus"
-84.765945,33.699318,"Eurytides   marcellus"
-89.439525,37.593093,"Eurytides   marcellus"
-76.35567,36.50674,"Eurytides   marcellus"
-76.462168,36.533486,"Eurytides   marcellus"
-92.310776,38.98966,"Eurytides   marcellus"
-77.22776,38.704282,"Eurytides   marcellus"
-87.645454,41.894295,"Eurytides   marcellus"
-85.44009,38.783604,"Eurytides   marcellus"
-76.55892,38.12049,"Eurytides   marcellus"
-76.92441,39.252262,"Eurytides   marcellus"
-89.439981,37.594025,"Eurytides   marcellus"
-86.846405,34.454483,"Eurytides   marcellus"
-82.0431,29.202805,"Eurytides   marcellus"
-78.57399,38.856205,"Eurytides   marcellus"
-77.25632,38.589608,"Eurytides   marcellus"
-92.425869,38.914876,"Eurytides   marcellus"
-77.720811,39.324929,"Eurytides   marcellus"
-78.65063,35.789845,"Eurytides   marcellus"
-86.52332,39.16075,"Eurytides   marcellus"
-81.13198,28.690079,"Eurytides   marcellus"
-75.94158,39.56235,"Eurytides   marcellus"
-87.978455,41.448475,"Eurytides   marcellus"
-89.89539,35.183796,"Eurytides   marcellus"
-81.361999,27.179437,"Eurytides   marcellus"
-76.885822,40.083544,"Eurytides   marcellus"
-88.22078,39.51368,"Eurytides   marcellus"
-95.718605,40.12374,"Eurytides   marcellus"
-76.93196,38.20115,"Eurytides   marcellus"
-81.323296,28.514435,"Eurytides   marcellus"
-94.237118,30.350583,"Eurytides   marcellus"
-80.121597,27.00226,"Eurytides   marcellus"
-94.149227,31.056905,"Eurytides   marcellus"
-84.48986,36.16889,"Eurytides   marcellus"
-86.56439,33.851,"Eurytides   marcellus"
-86.04252,38.911957,"Eurytides   marcellus"
-93.55923,31.56021,"Eurytides   marcellus"
-80.70115,39.26348,"Eurytides   marcellus"
-83.44096,36.048477,"Eurytides   marcellus"
-86.662967,38.208759,"Eurytides   marcellus"
-86.66153,38.210631,"Eurytides   marcellus"
-76.007457,39.452598,"Eurytides   marcellus"
-78.970427,35.990961,"Eurytides   marcellus"
-77.431588,39.295405,"Eurytides   marcellus"
-81.810478,27.623928,"Eurytides   marcellus"
-86.72661,32.85405,"Eurytides   marcellus"
-80.44337,27.380775,"Eurytides   marcellus"
-82.16729,29.952387,"Eurytides   marcellus"
-81.71228,28.764112,"Eurytides   marcellus"
-91.39836,37.15198,"Eurytides   marcellus"
-89.434171,37.546695,"Eurytides   marcellus"
-77.400221,39.036637,"Eurytides   marcellus"
-85.9851168978506,41.9502266348218,"Eurytides   marcellus"
-77.39763,39.47043,"Eurytides   marcellus"
-94.80355,39.98886,"Eurytides   marcellus"
-82.35722,29.675741,"Eurytides   marcellus"
-89.958469,35.694345,"Eurytides   marcellus"
-90.17908,38.277985,"Eurytides   marcellus"
-83.807399,35.322866,"Eurytides   marcellus"
-77.797987,38.778719,"Eurytides   marcellus"
-77.471379,37.523552,"Eurytides   marcellus"
-91.167984,40.405792,"Eurytides   marcellus"
-76.72845,39.92184,"Eurytides   marcellus"
-94.84493,38.21655,"Eurytides   marcellus"
-78.87792,36.036587,"Eurytides   marcellus"
-76.561478,36.618003,"Eurytides   marcellus"
-77.800367,38.779683,"Eurytides   marcellus"
-80.23134,38.90254,"Eurytides   marcellus"
-78.002284,38.965423,"Eurytides   marcellus"
-82.97,34.88,"Eurytides   marcellus"
-82.79,34.62,"Eurytides   marcellus"
-89.127754,37.215614,"Eurytides   marcellus"
-81.26,28.07,"Eurytides   marcellus"
-75.639927,38.037345,"Eurytides   marcellus"
-84.2307652227742,41.7370309401792,"Eurytides   marcellus"
-81.3644,28.5533,"Eurytides   marcellus"
-82.833,34.653,"Eurytides   marcellus"
-89.090881,37.673493,"Eurytides   marcellus"
-95.691941,40.677501,"Eurytides   marcellus"
-81,34,"Eurytides   marcellus"
-89.913574,40.23699,"Eurytides   marcellus"
-81.4503,28.7758,"Eurytides   marcellus"
-76.267088,39.84666,"Eurytides   marcellus"
-87.8336,40.748867,"Eurytides   marcellus"
-89.722195,35.086758,"Eurytides   marcellus"
-95.586701,40.256445,"Eurytides   marcellus"
-91.504698,30.939401,"Eurytides   marcellus"
-91.508475,30.939401,"Eurytides   marcellus"
-91.46111,30.990217,"Eurytides   marcellus"
-78.36726,35.513405,"Eurytides   marcellus"
-89.478004,39.228092,"Eurytides   marcellus"
-82.86,34.75,"Eurytides   marcellus"
-81.44,30.67,"Eurytides   marcellus"
-88.66815,44.08571,"Eurytides   marcellus"
-90.555404,37.923107,"Eurytides   marcellus"
-89.818562,35.08423,"Eurytides   marcellus"
-90.212743,35.343696,"Eurytides   marcellus"
-89.69957,35.14436,"Eurytides   marcellus"
-85.722688,35.996889,"Eurytides   marcellus"
-77.0003,38.6764,"Eurytides   marcellus"
-77.0486,38.6894,"Eurytides   marcellus"
-86.030461,37.964113,"Eurytides   marcellus"
-77.0483,38.6894,"Eurytides   marcellus"
-95.477934,30.426801,"Eurytides   marcellus"
-81.33,28.94,"Eurytides   marcellus"
-76.305514,40.037876,"Eurytides   marcellus"
-77.0928,38.6786,"Eurytides   marcellus"
-84.633301,33.9333,"Eurytides   marcellus"
-83.761864,37.153701,"Eurytides   marcellus"
-87.5347,33.2064,"Eurytides   marcellus"
-84.663445,43.122549,"Eurytides   marcellus"
-86.471506,38.125339,"Eurytides   marcellus"
-82.5167,41.9,"Eurytides   marcellus"
-82.5125,41.95833,"Eurytides   marcellus"
-81.822445,26.254194,"Eurytides   marcellus"
-81.2003,28.6019,"Eurytides   marcellus"
-85.6203,36.9803,"Eurytides   marcellus"
-94.145066,36.06258,"Eurytides   marcellus"
-82.84,34.67,"Eurytides   marcellus"
-94.929425,30.707688,"Eurytides   marcellus"
-84.55,33.9525,"Eurytides   marcellus"
-94.701,30.711,"Eurytides   marcellus"
-76.884418,40.2737,"Eurytides   marcellus"
-79.246434,34.056275,"Eurytides   marcellus"
-95.0855,30.3413,"Eurytides   marcellus"
-81.2125,28.5383,"Eurytides   marcellus"
-93.81,36.46,"Eurytides   marcellus"
-84.387982,33.748995,"Eurytides   marcellus"
-84.2963,33.7748,"Eurytides   marcellus"
-82.52,35.07,"Eurytides   marcellus"
-93.704376,38.046697,"Eurytides   marcellus"
-93.737971,36.401182,"Eurytides   marcellus"
-79.89,34.69,"Eurytides   marcellus"
-87.271858,41.515294,"Eurytides   marcellus"
-95.467202,38.587511,"Eurytides   marcellus"
-82.546208,27.447541,"Eurytides   marcellus"
-85.0726204010006,42.0728262588426,"Eurytides   marcellus"
-79.3833,43.65,"Eurytides   marcellus"
-80.135139,26.129706,"Eurytides   marcellus"
-82.2167,42.5,"Eurytides   marcellus"
-81.6333,42.95,"Eurytides   marcellus"
-104.983035,40.051095,"Eurytides   marcellus"
-82.6667,41.7833,"Eurytides   marcellus"
-105.93946,40.086097,"Eurytides   marcellus"
-112.08333,38.7725,"Eurytides   marcellus"
-82.72,34.89,"Eurytides   marcellus"
-80.05368,37.295154,"Eurytides   marcellus"
-82.86,34.97,"Eurytides   marcellus"
-82.457,27.951,"Eurytides   marcellus"
-83.385742,28.633532,"Eurytides   marcellus"
-83.433094,32.754628,"Eurytides   marcellus"
-79.4667,43.6609,"Eurytides   marcellus"
-79.6189,43.535,"Eurytides   marcellus"
-82.974171,40.023185,"Eurytides   marcellus"
-82.945332,40.02634,"Eurytides   marcellus"
-82.7389,42.0375,"Eurytides   marcellus"
-83.0167,42.3,"Eurytides   marcellus"
-81.459282,38.207603,"Eurytides   marcellus"
-94.922464,39.311111,"Eurytides   marcellus"
-80.230051,25.788487,"Eurytides   marcellus"
-80.898996,39.16675,"Eurytides   marcellus"
-84.983244,29.725768,"Eurytides   marcellus"
-83.871366,30.539584,"Eurytides   marcellus"
-77.036366,38.895112,"Eurytides   marcellus"
-83.495605,32.751075,"Eurytides   marcellus"
-82.325802,27.871611,"Eurytides   marcellus"
-95.36306,29.76306,"Eurytides   marcellus"
-81.2333,42.9833,"Eurytides   marcellus"
-76.462,36.533,"Eurytides   marcellus"
-82.78,34.65,"Eurytides   marcellus"
-85.56444,38.19417,"Eurytides   marcellus"
